0 0 0
0 0 0
234 119 69
125 223 129
234 119 69
125 223 129
234 119 69
125 223 129
234 119 69
125 223 129
234 119 69
125 223 129
234 119 69
125 223 129
157 80 45
84 153 87
163 83 48
88 159 91
169 86 49
91 164 94
214 109 63
93 167 96
214 109 63
93 167 96
214 109 63
93 167 96
214 109 63
93 167 96
214 109 63
93 167 96
214 109 63
93 167 96
0 0 0
0 0 0
125 223 129
67 119 241
125 223 129
67 119 241
125 223 129
67 119 241
125 223 129
67 119 241
125 223 129
67 119 241
125 223 129
67 119 241
83 150 86
44 81 165
87 156 89
47 84 172
90 161 93
49 87 177
114 204 118
50 89 181
114 204 118
50 89 181
114 204 118
50 89 181
114 204 118
50 89 181
114 204 118
50 89 181
114 204 118
50 89 181
0 0 0
0 0 0
234 119 69
125 223 129
234 119 69
125 223 129
234 119 69
125 223 129
234 119 69
125 223 129
234 119 69
125 223 129
234 119 69
125 223 129
157 80 45
84 153 87
163 83 48
88 159 91
169 86 49
91 164 94
214 109 63
93 167 96
214 109 63
93 167 96
214 109 63
93 167 96
214 109 63
93 167 96
214 109 63
93 167 96
214 109 63
93 167 96
0 0 0
0 0 0
125 223 129
67 119 241
125 223 129
67 119 241
125 223 129
67 119 241
125 223 129
67 119 241
125 223 129
67 119 241
125 223 129
67 119 241
83 150 86
44 81 165
87 156 89
47 84 172
90 161 93
49 87 177
114 204 118
50 89 181
114 204 118
50 89 181
114 204 118
50 89 181
114 204 118
50 89 181
114 204 118
50 89 181
114 204 118
50 89 181
0 0 0
0 0 0
155 79 45
82 148 85
155 79 45
82 148 85
155 79 45
82 148 85
155 79 45
82 148 85
155 79 45
82 148 85
155 79 45
82 148 85
157 80 45
84 153 87
163 83 48
88 159 91
169 86 49
91 164 94
214 109 63
93 167 96
214 109 63
93 167 96
214 109 63
93 167 96
214 109 63
93 167 96
214 109 63
93 167 96
214 109 63
93 167 96
0 0 0
0 0 0
82 148 85
43 79 161
82 148 85
43 79 161
82 148 85
43 79 161
82 148 85
43 79 161
82 148 85
43 79 161
82 148 85
43 79 161
83 150 86
44 81 165
87 156 89
47 84 172
90 161 93
49 87 177
114 204 118
50 89 181
114 204 118
50 89 181
114 204 118
50 89 181
114 204 118
50 89 181
114 204 118
50 89 181
114 204 118
50 89 181
0 0 0
0 0 0
155 79 45
82 148 85
155 79 45
82 148 85
155 79 45
82 148 85
155 79 45
82 148 85
155 79 45
82 148 85
155 79 45
82 148 85
157 80 45
84 153 87
163 83 48
88 159 91
169 86 49
91 164 94
214 109 63
93 167 96
214 109 63
93 167 96
214 109 63
93 167 96
214 109 63
93 167 96
214 109 63
93 167 96
214 109 63
93 167 96
0 0 0
0 0 0
82 148 85
43 79 161
82 148 85
43 79 161
82 148 85
43 79 161
82 148 85
43 79 161
82 148 85
43 79 161
82 148 85
43 79 161
83 150 86
44 81 165
87 156 89
47 84 172
90 161 93
49 87 177
114 204 118
50 89 181
114 204 118
50 89 181
114 204 118
50 89 181
114 204 118
50 89 181
114 204 118
50 89 181
114 204 118
50 89 181
