255 112 72
0 0 0
0 0 0
150 255 160
255 123 80
150 255 160
255 123 80
150 255 160
255 123 80
150 255 160
255 123 80
150 255 160
255 123 80
150 255 160
255 123 80
96 159 103
197 81 52
100 166 107
206 84 53
105 173 112
213 87 56
136 225 146
218 90 57
136 225 146
218 90 57
136 225 146
218 90 57
136 225 146
218 90 57
136 225 146
218 90 57
136 225 146
108 52 116
0 0 0
0 0 0
75 123 255
150 255 160
75 123 255
150 255 160
75 123 255
150 255 160
75 123 255
150 255 160
75 123 255
150 255 160
75 123 255
150 255 160
47 79 207
97 163 105
50 83 216
102 169 108
51 86 225
106 176 113
67 112 255
108 180 116
67 112 255
108 180 116
67 112 255
108 180 116
67 112 255
108 180 116
67 112 255
108 180 116
67 112 255
218 90 57
0 0 0
0 0 0
150 255 160
255 123 80
150 255 160
255 123 80
150 255 160
255 123 80
150 255 160
255 123 80
150 255 160
255 123 80
150 255 160
255 123 80
96 159 103
197 81 52
100 166 107
206 84 53
105 173 112
213 87 56
136 225 146
218 90 57
136 225 146
218 90 57
136 225 146
218 90 57
136 225 146
218 90 57
136 225 146
218 90 57
136 225 146
108 52 116
0 0 0
0 0 0
75 123 255
150 255 160
75 123 255
150 255 160
75 123 255
150 255 160
75 123 255
150 255 160
75 123 255
150 255 160
75 123 255
150 255 160
47 79 207
97 163 105
50 83 216
102 169 108
51 86 225
106 176 113
67 112 255
108 180 116
67 112 255
108 180 116
67 112 255
108 180 116
67 112 255
108 180 116
67 112 255
108 180 116
67 112 255
218 90 57
0 0 0
0 0 0
95 157 102
191 78 51
95 157 102
191 78 51
95 157 102
191 78 51
95 157 102
191 78 51
95 157 102
191 78 51
95 157 102
191 78 51
96 159 103
197 81 52
100 166 107
206 84 53
105 173 112
213 87 56
136 225 146
218 90 57
136 225 146
218 90 57
136 225 146
218 90 57
136 225 146
218 90 57
136 225 146
218 90 57
136 225 146
108 52 116
0 0 0
0 0 0
47 78 205
95 157 102
47 78 205
95 157 102
47 78 205
95 157 102
47 78 205
95 157 102
47 78 205
95 157 102
47 78 205
95 157 102
47 79 207
97 163 105
50 83 216
102 169 108
51 86 225
106 176 113
67 112 255
108 180 116
67 112 255
108 180 116
67 112 255
108 180 116
67 112 255
108 180 116
67 112 255
108 180 116
67 112 255
218 90 57
0 0 0
0 0 0
95 157 102
191 78 51
95 157 102
191 78 51
95 157 102
191 78 51
95 157 102
191 78 51
95 157 102
191 78 51
95 157 102
191 78 51
96 159 103
197 81 52
100 166 107
206 84 53
105 173 112
213 87 56
136 225 146
218 90 57
136 225 146
218 90 57
136 225 146
218 90 57
136 225 146
218 90 57
136 225 146
218 90 57
136 225 146
108 52 116
0 0 0
0 0 0
47 78 205
95 157 102
47 78 205
95 157 102
47 78 205
95 157 102
47 78 205
95 157 102
47 78 205
95 157 102
47 78 205
95 157 102
47 79 207
97 163 105
50 83 216
102 169 108
51 86 225
106 176 113
67 112 255
108 180 116
67 112 255
108 180 116
67 112 255
108 180 116
67 112 255
108 180 116
67 112 255
108 180 116
67 112 255
